468257507
534756297
658741387
880670779
438697252
438729488
601976371
459892160
437300531
822352853
616900337
678827697
549994490
478306996
515825162
832428852
1947574611
438727692
431245403
896676125
478456306
938465129
221958132
1949084278
519152408
912210860
889376427
104384697
178830113
646084493
444730960
694224032
214322293
457936719
378114939
678215740
138112673
153834945
940398815
488967571
244046432
1568277
440866091
217610321
438561525
752891349
449836197
439174229
477285806
440909965
476172873
131962515
492821024
317904152
437142464
895902199
930417119
218099503
911507765
519066214
471101163
427024017
359007564
220237806
540293562
456687095
438738045
341661757
397944653
646831089
458044461
296617342
498805891
454793044
830137518
933606586
940791369
889371553
938529530
433098811
568917638
629951677
1947049970
100256472
615543222
2146129
317905012
938667585
490611669
889370741
437297334
422582758
911250051
421414334
904270917
431572516
284215362
451877320
667181432
922068316
501098444
458029695
933643969
404301391
550940098
394028288
547625350
586842416
449525423
664896667
438689822
120940798
627955808
519062816
496454203
438724860
519126943
637566208
462797408
832387506
895567502
938580956
390432127
476796654
501098493
943274384
260438828
438688843
389670402
548006893
130215365
487825460
512312260
624034010
800927726
414939279
101911909
431370672
501064774
610487893
431602913
410762944
454110832
128564489
821707831
101276760
506080907
488873000
438934479
940584836
936929009
468291798
715713607
282168096
914178960
718547757
436474041
786393812
438760437
889380232
914642815
389031223
2841132
488632068
438557861
438694624
282546532
431015176
464907678
858881364
407065352
731803574
208970862
451621674
481754557
501086801
889369809
145980157
217610342
461791745
463912835
122012092
942583874
689768256
1949332283
661876088
469603241
946931689
489526122
388061789
391792197
381018476
558816352
912223415
495611437
336759952
430442849
391016491
913012320
437300606
911224802
502341854
427067742
767232421
501090811
423002176
417880521
530604197
911016501
1947685482
383727333
465503466
438562495
558777880
751809521
438426585
942788093
927355510
455086121
457954883
466082292
729970133
517079305
829227245
397656556
938620283
369000331
490804021
357841823
421663078
421634774
1948842485
724278684
927588961
924657219
948057768
462499187
797819985
941763638
915772176
923886945
818365457
1947331473
924767196
911514921
698117860
414197419
921643723
833162040
1260424
897639215
466965978
924713287
469991784
924768099
948295722
907247817
927589072
913877681
631369161
492006432
266428237
924581528
492359548
912010459
658130895
442280033
437404426
937492164
754269220
924579597
534783794
924677896
602041296
890978935
924595178
818252520
478858904
878879599
916096591
1948168922
1949080323
894496384
536674342
936562068
502727230
213028924
600100172
1949020372
922612036
434163229
941777349
911839620
912243521
595493546
916086724
1947257861
933603448
751127230
913891485
907225893
847335176
1948080692
927565597
433327714
454366519
658561800
925537251
887025971
924391442
927668721
822409584
492123609
913881720
1948224278
495468557
631592222
889096548
585318938
578843796
776249566
927554000
462490890
1949762746
482541845
1947682609
927000503
828819230
927565729
923138689
928949879
929929233
754256427
948641699
898605300
535156958
589829671
939130108
927631212
601341761
826729210
925292114
671355069
600854825
460685781
738120350
946661796
593081686
1948407967
915785365
927565748
915785381
924526122
483045784
465207596
890847692
601335514
927596424
749920434
531550104
761529240
922447395
452359060
826778727
801532292
930390371
658134368
936550936
826770936
794655358
938723051
878832412
924764289
920868639
922284322
596449752
794637869
912737043
890971868
485282956
495091801
1949603841
495593199
583340128
897580765
550956242
924759919
1948100119
1949607961
762461153
493795541
879061294
935263976
938562306
1949611627
434152595
594790156
493138096
673893802
818174822
920885893
1947490551
916111041
438047551
480464080
1947943383
671393084
639145024
532264395
869927352
1947369604
941578509
894423813
923162414
438053030
452329418
433114026
826784459
477907475
502626857
593140620
933331303
659411810
603715854
777620812
491993927
601336840
1948003019
761404061
522721178
945476738
627721669
491864707
452341370
217238781
750304939
907252664
911398627
927555860
913884422
946163936
913535930
822819403
824242066
938794413
924562806
663579898
833169247
578271088
612213211
927594696
1949344402
492510633
358494895
1948126462
776367843
946767948
531873323
924643572
832217820
1948337093
662452382
923689683
935281606
503515917
492005507
1948186372
464475481
1948150634
612300125
614001429
907251886
941770284
921668838
434162208
946202281
775235805
596444720
1949447782
1948002292
891702028
671366545
829133504
631847367
1948786056
1947205814
656080990
536710123
916094610
865096085
585409252
928965006
536504906
924642926
197692022
749496129
684431311
658134599
924643822
943517418
602063001
744371241
833109592
847328758
948488155
903261693
460675478
490509568
610854124
456062080
383957297
912070204
575099530
920187206
927391044
1949284578
931993300
884866254
413247222
927367660
601186590
536134322
433118965
935904687
932562400
1946855280
383955468
432454672
935903757
392366650
645028359
649179974
494541472
1949617105
912219813
927190895
943757982
368384874
943444350
938973772
649067209
602291581
946839972
940603151
432584425
413173467
1949108624
434537740
578181763
383952768
1946963003
929943049
652889572
418534819
911830644
375977880
877669858
885321186
743636406
496266384
826732906
346598481
1948608931
689453870
433541704
466056099
1949294646
939361361
651684044
885730756
438683820
436790642
655034742
927203464
1947674676
914159698
431070547
912019403
433561060
934974213
895895440
547311807
938336361
913868750
1949282724
1946925019
424991027
912562585
448775769
650182939
929986596
927194711
927196671
896782734
935367668
1949282721
940578978
221788820
927377319
927362305
416406764
432595103
500465956
655053751
948204342
1948279680
837005943
783231274
1948796181
798407218
1948722815
588265256
412068177
464025782
500742195
924283428
885383817
1948603837
667590747
780091932
412017716
1947771364
748861057
1947443799
1949605238
471450678
924356428
494188105
478591280
351010921
430103862
523073012
793372127
496281911
536112587
459890133
416422803
924269986
945610970
456655221
459884047
520297275
462246675
913640632
924270954
446931522
460322537
412931332
933401748
351861597
461464145
414729693
411566908
536158072
793388185
456056980
882156426
896369720
794485436
924279526
547275978
578250336
912177038
1947117842
433235669
466764811
939329986
432468811
928729749
412930083
412047421
925275875
826705785
617452520
459456610
946698377
943061410
645820696
939363175
433561073
924292016
940858640
1947724058
939359286
447097163
1949189544
536156098
610744615
885835061
459889730
610863064
942688825
924383597
495575698
466033531
877108284
1949112410
1947698331
945596263
930846948
624968452
549249785
383955550
496553576
445040232
577806711
437052705
434536972
1949288507
435957074
1946920946
1946928883
936622972
610734753
936393442
434162613
927384195
943785371
455632140
464023911
941924628
889055826
780100796
885826283
438399971
610664950
925378237
939145046
828015300
492771810
414736036
432580515
495456792
724020700
495470896
665907364
436592683
412032817
411858991
665913293
1946965462
927388111
939354605
460980966
924492469
895445488
888771150
924418773
935371496
945022049
724019381
433558412
934958967
938521347
1949119902
940121922
927367640
451130007
503388195
411937429
520875995
433495145
942976914
432708083
495970459
927356855
929335940
1949141745
465784852
459821178
689354673
544518067
433533797
577231640
646722169
579589565
557156795
1948860627
416451869
433295788
927374431
782931981
922184842
945694185
450874164
943124400
359583345
412071096
883555128
433494490
421516384
1947236786
882140684
939361346
432738290
924279531
889437077
944715788
922075339
1948513023
937964341
782901503
558416008
392424124
388878212
434900297
924413802
485782213
423182354
787231965
946525520
655052030
1947547096
152276365
564794957
829058945
467900689
402261564
794723125
926893881
469198003
301251326
434359313
430753942
606026161
354834251
434406373
397090349
472477184
435834471
567615661
494259044
417069080
1548757
430832288
418877934
1548760
512831754
491055352
426633358
610935579
610855000
390523879
433959588
545644915
268005496
517136520
665336983
897324485
725976675
407857493
924576570
240728493
576836191
433235901
430810645
397885849
459080081
351973673
204056447
422882047
561239602
430811286
241865480
537218319
390530472
467890798
462862353
364727419
468156394
754548963
407857353
436244243
426162729
514022458
427263128
457776430
934180119
478163363
284252783
542571727
468535862
422872976
545145900
817461080
682330598
896591738
390470074
887046728
311619319
436383318
344817763
518541141
376003172
429591624
550936902
209962529
360649874
473209601
246711072
610864922
389262173
456260413
473209618
472119919
664300467
317733465
301242861
243972622
253813634
195246850
389257530
397895709
691455965
237907080
698961266
549569778
917517585
539310613
264178933
428905690
344816836
462378822
124460594
456254750
469029941
249778304
918708870
383975226
257471705
552935006
681081102
477351515
661460599
782933593
365726641
436771104
475364473
451982167
434180810
565983312
403834977
471093831
854143727
473213207
270542808
495415622
195256872
720961175
655163799
603782672
607190574
689646167
132541332
606516131
430743982
426762813
351921707
437326513
427736036
206228268
384052045
463357826
204974600
430928233
268314741
683362669
423875029
562171405
611629367
470993719
279269425
300549490
365724769
449411058
433462858
469037391
551234994
566539823
195268270
344817757
923910005
473299059
430814499
439515565
437352992
430610706
794202973
436383460
519664626
351922653
173950014
463286740
468900273
550393101
934996744
937492364
430585883
458486400
567584897
2180322
178592924
827805668
227751170
215148380
176448026
551354915
436379226
468859269
273933771
237274291
586187554
604611720
491929414
428121760
653114431
476961662
522730685
473587274
173924781
557090662
204058429
275317401
181228538
213576537
429518374
432322642
432947067
436384287
429111001
357640026
390443619
397090351
430589163
548026431
386145671
265179902
344815986
564268138
595766292
502402398
301233920
431618020
469201043
208896769
442384225
436536084
847888204
260314338
609782616
605934686
923694388
611631494
248541004
508170156
693507160
352168929
338970145
397083653
353619904
583943002
561236626
609786575
435843006
610862938
386047293
822351945
436141881
367342095
490973700
366760499
430811159
434352855
573721172
448827457
550993245
666206752
383407097
368117368
927461707
657279342
461492948
522705330
454136935
458096845
247860754
407838764
472656174
431288813
438029186
206228263
1773188
370439835
475233988
885776941
436913199
268107386
646347451
351927325
391688486
